k:
  rows: 3
  cols: 3
  data: [1593.273236  0.000000 1016.164548  0.000000 1589.900476 575.647236  0.000000  0.000000  1.000000]
d:
  rows: 1
  cols: 2
  data: [ 0.077921 -0.170403]
