k:
  rows: 3
  cols: 3
  data: [1591.430703,  0.000000, 1011.632508,  0.000000, 1589.261899, 603.673864,  0.000000,  0.000000,  1.000000]
d:
  rows: 1
  cols: 5
  data: [0.132153, -0.469247,  0.005021, -0.001117,  0.498286]
